1
29 75
111101000000000101000101100001110011001100010111001111010101011100011100111
001011011010111100001110101101111011000001101011111001101010011001011100011
101100111011001001000101100010110111100110110100111110001010010010110000100
101000000101011111010010101010010001110101111010100011011111101101011111011
011111001110011010101111100110101001001100000010000100100010111011000000010
011000101011100011101110101000000010011010001100101011001011100111001010101
111000110001001111111001110001110101001011101101000000011110010100111011011
011101000010000010100010100000000000001110111000010100011100111100010001001
010010110000111111110101001010011001111001011001011001110111011000101100110
100010111110100100011011100101000101001111010010100111100101111010010000110
000100111000101001101100011111010011110100010101000001010111001110001000000
110001000111010101100011111001011101110110001000110011001101011101101111001
100000000000100111110010010011010010001110101001011110011101100110001110000
000110000110100010110010011110101011110101010000100100111101101100011001001
110000001101001000000010101111101010000011110111000011110110111010001111110
000101111010000011001110010000100001010111000110111100011000001010000001011
101100111111110010000100010100110111000000000111001000100000001101000111000
011010100011000000100011111011101001101011001111101011001011000111110100000
001001011110100000100010100111100110110110100111000010101101100001111110010
110100100010101001101110011100000010101001010000001010010001111000100000110
101001111000111011110111101011010011110111001010110001100110101101000100111
011010110111010001000111011000000110110011011001010011101110011111111110110
001010110110110110111010010110001110010110101001001110010101000110010011110
011001000010011110010001001000110001000111011001101111100110000111000010001
001000101010110001111001011100110100110111001111001010000001010101101000111
100111001101111101001101100101111011001110010011010110101100100101000000110
001101000101100100011000011000110011011110001101001000111000001110110101010
110101010100011111101010111111110001010001110110110010111111011100100111110
100000110011000010110110010101000111100100111011011111010001010011100011100
10
M 21 20 1
Q
Q
Q
M 15 44 1
Q
M 11 28 1
M 10 38 1
M 6 36 1
Q